mtx:
[[1.14277322e+03 0.00000000e+00 9.20912285e+02]
 [0.00000000e+00 1.13846215e+03 5.45006732e+02]
 [0.00000000e+00 0.00000000e+00 1.00000000e+00]]
new mtx:
[[1.13568457e+03 0.00000000e+00 9.19233879e+02]
 [0.00000000e+00 1.13280823e+03 5.43059666e+02]
 [0.00000000e+00 0.00000000e+00 1.00000000e+00]]
dist:
[[ 0.20121649 -0.49210822 -0.00094167 -0.00054018  0.29212259]]
rvecs:
(array([[ 0.10653364],
       [ 0.13670043],
       [-3.13677764]]), array([[ 0.07529053],
       [-0.62401171],
       [ 2.83035847]]), array([[ 0.04909911],
       [-0.65917258],
       [ 2.86011986]]), array([[ 0.28506813],
       [ 0.24461589],
       [-2.83775896]]), array([[ 0.31125545],
       [ 0.21619726],
       [-2.82566589]]), array([[ 0.25518209],
       [-0.05571301],
       [ 3.05187532]]), array([[ 0.73704558],
       [ 0.10254865],
       [-2.98896328]]), array([[ 0.86549398],
       [ 0.2254623 ],
       [-2.9030691 ]]), array([[ 1.17178103],
       [ 0.2083492 ],
       [-2.79269294]]), array([[-0.86469321],
       [ 0.05562938],
       [-2.9189467 ]]), array([[-0.91120217],
       [ 0.16585216],
       [-2.90156033]]), array([[ 0.11505432],
       [ 1.23479728],
       [-2.71063057]]), array([[ 0.0607188 ],
       [ 1.57494415],
       [-2.55163956]]), array([[ 0.05166435],
       [ 1.53785417],
       [-2.59688416]]), array([[ 0.33654572],
       [ 0.17102147],
       [-3.0797532 ]]), array([[ 0.18418875],
       [ 1.54436552],
       [-2.55289346]]), array([[ 0.18978318],
       [ 1.30934006],
       [-2.68224199]]), array([[ 0.33149164],
       [ 1.26235331],
       [-2.61232654]]), array([[ 0.49458775],
       [-0.5011951 ],
       [-2.95610039]]), array([[-0.34479267],
       [ 1.44341778],
       [ 2.53693149]]), array([[-0.14046104],
       [ 1.14482788],
       [ 2.68418034]]), array([[-0.34035906],
       [ 1.11015816],
       [ 2.67985534]]), array([[-0.22939988],
       [ 0.58198647],
       [ 2.94357809]]), array([[-0.1502597 ],
       [ 0.36934083],
       [ 3.03204375]]), array([[-0.39901236],
       [ 0.10180564],
       [-3.09604669]]), array([[0.34015632],
       [0.34820803],
       [2.99255767]]), array([[-0.17594494],
       [-0.28276898],
       [-3.10863514]]), array([[-0.15497077],
       [ 0.25926371],
       [ 3.09898244]]), array([[ 0.12761789],
       [-0.28089005],
       [-3.07011971]]), array([[ 0.12494525],
       [-0.82420851],
       [-2.98193845]]), array([[ 0.2221011 ],
       [-0.50846304],
       [-2.8414916 ]]), array([[ 0.05696539],
       [-0.37764836],
       [-3.05302474]]), array([[-0.79096675],
       [-0.24568369],
       [-2.89302851]]), array([[-0.78978834],
       [-0.27770231],
       [-2.88698745]]), array([[-0.85568794],
       [-0.3143785 ],
       [-2.85882382]]), array([[-0.77905038],
       [-0.30051268],
       [-2.89565346]]), array([[-0.7872295 ],
       [-0.42205088],
       [-2.89748954]]), array([[-0.92491035],
       [-0.27016459],
       [-2.83939779]]), array([[-0.05863697],
       [ 1.19727766],
       [ 2.88255924]]), array([[-0.08092209],
       [ 1.1794395 ],
       [ 2.89081292]]), array([[ 0.066033  ],
       [ 1.39700191],
       [-2.70340955]]), array([[ 0.28320548],
       [-1.21058711],
       [ 2.73515739]]))
ret: 0.4063554247039875
roi: (8, 14, 1904, 1049)